# oST version 5.0 parameters


[image]

width
640

height
480

[narrow_stereo]

camera matrix
666.263803 0.000000 341.115300
0.000000 665.420597 223.256483
0.000000 0.000000 1.000000

distortion
-0.512903 0.277946 0.000038 0.000995 0.000000

rectification
1.000000 0.000000 0.000000
0.000000 1.000000 0.000000
0.000000 0.000000 1.000000

projection
576.413940 0.000000 347.995859 0.000000
0.000000 615.604248 220.110984 0.000000
0.000000 0.000000 1.000000 0.000000
